Q =

    1.0000         0         0         0
         0    1.0000         0         0
         0         0    1.0000         0
         0         0         0    0.9990



Q =

    1.0000         0         0         0
         0    1.0000         0         0
         0         0    0.8428    0.5303
         0         0   -0.5322    0.8438



Q =

    1.0000         0         0         0
         0    0.8105   -0.4912   -0.3086
         0    0.5811    0.6826    0.4297
         0         0   -0.5322    0.8438



Q =

    0.4512    0.7207   -0.4385   -0.2754
   -0.8916    0.3662   -0.2217   -0.1387
         0    0.5811    0.6826    0.4297
         0         0   -0.5322    0.8438



Q =

    0.4512    0.7207   -0.4385   -0.2754
   -0.8916    0.3662   -0.2217   -0.1387
         0    0.5811    0.6826    0.4297
         0         0   -0.5332    0.8428



Q =

    0.4512    0.7207   -0.4385   -0.2754
   -0.8916    0.3662   -0.2217   -0.1387
         0    0.2354   -0.2100    0.9414
         0   -0.5303   -0.8389   -0.0488



Q =

    0.4512    0.7207   -0.4385   -0.2754
   -0.7949    0.4316   -0.2920    0.2959
    0.3965    0.0459   -0.0889    0.9023
         0   -0.5303   -0.8389   -0.0488



Q =

    0.4512    0.7207   -0.4385   -0.2754
   -0.7949    0.4316   -0.2920    0.2959
    0.3965    0.0459   -0.0889    0.9023
         0   -0.5313   -0.8408   -0.0508



Q =

    0.4512    0.7207   -0.4385   -0.2754
   -0.7949    0.4316   -0.2920    0.2959
    0.3516    0.2813    0.3018    0.8242
    0.1816   -0.4492   -0.7871    0.3682



Q =

    0.4512    0.7207   -0.4385   -0.2754
   -0.7949    0.4316   -0.2920    0.2959
    0.3516    0.2813    0.3018    0.8242
    0.1816   -0.4512   -0.7881    0.3672
